### Problem 01 ###

# a)
a <- c(1:20)

# b)
b <- c(20:1)

# c)
c <- c(1:20,19:1)

# d)
tmp <- c(4,6,3)

# e)

rep(c(4,6,3),10)

# f)

c(rep(c(4,6,3),10),4)

# g)
c(rep(4,10),rep(6,20),rep(3,30))

### Problem 02 ###
